4 0.6757028 0.3826187 0.0276104 0.0398653
4 0.6458961 0.3211596 0.0232179 0.038758
4 0.6236195 0.2796332 0.0238454 0.0310064
5 0.3246109 0.3266965 0.0269829 0.038758
5 0.3503389 0.2785259 0.0219629 0.0310064
5 0.1953439 0.7070783 0.0269829 0.0775159
3 0.4460341 0.2929217 0.0301205 0.0265769
3 0.4472892 0.2608079 0.0263554 0.0310064
3 0.4165412 0.4396483 0.0426707 0.0586906
8 0.5994603 0.3781892 0.030748 0.0465096
8 0.689508 0.7845943 0.0389056 0.0885897
8 0.5727912 0.2768648 0.0225904 0.029899
7 0.3829694 0.3272502 0.033258 0.0354359
7 0.3939508 0.2857238 0.0313755 0.029899
7 0.3669679 0.3837261 0.0401606 0.0509391
10 0.1652234 0.6871456 0.0207078 0.0642275
10 0.1925201 0.5764086 0.0251004 0.0642275
10 0.2245231 0.4750842 0.0276104 0.0476169
6 0.5144327 0.3704376 0.0363956 0.0442948
6 0.5131777 0.2652374 0.0263554 0.0310064
6 0.5116089 0.311747 0.029493 0.0376506
9 0.6910768 0.3421997 0.0219629 0.0343285
9 0.7224523 0.3975682 0.0232179 0.0409727
9 0.6672314 0.3006733 0.0194528 0.0287916
9 0.7478665 0.471762 0.0251004 0.0476169
9 0.779242 0.5631201 0.0251004 0.0553685
9 0.8052836 0.6738572 0.0207078 0.0642275
6 0.5385919 0.4651178 0.0470633 0.0697644
6 0.5508283 0.6107371 0.060241 0.0996634
6 0.5590926 0.8329531 0.0725778 0.1247564
7 0.3415537 0.4689936 0.0470633 0.068657
7 0.3148845 0.5941265 0.0489458 0.0930191
7 0.2800577 0.7652153 0.0495733 0.1140592
8 0.5944403 0.3233744 0.0257279 0.038758
8 0.6261295 0.4673326 0.0351406 0.0631201
8 0.6769578 0.6013244 0.0351406 0.0741938
3 0.4356802 0.3582566 0.0357681 0.0531538
3 0.3845382 0.8067417 0.064006 0.1173813
3 0.4061872 0.5830528 0.0508283 0.0863749
5 0.298883 0.3831724 0.030748 0.0409727
5 0.2646837 0.4640105 0.0301205 0.0542612
5 0.2238956 0.5736401 0.0263554 0.0653349
4 0.7021649 0.4608766 0.0311621 0.0583141
4 0.7399222 0.5684798 0.0334588 0.0623671
4 0.7745356 0.707632 0.029493 0.0697644
