5 0.1398628 0.630582 0.0171494 0.0616481
5 0.2065549 0.4136926 0.023501 0.044835
5 0.279281 0.3257039 0.0279472 0.0392306
4 0.2125889 0.5100879 0.0330285 0.0650108
4 0.326283 0.2612536 0.0241362 0.0246593
7 0.1795605 0.5375493 0.0292175 0.0683734
7 0.296748 0.2741437 0.0260417 0.0280219
7 0.5949568 0.2730228 0.0368394 0.0325054
9 0.1665396 0.6586038 0.0171494 0.0728569
9 0.7048399 0.4955165 0.0393801 0.071736
9 0.5228659 0.2354735 0.0323933 0.0224175
6 0.5832063 0.7628452 0.0908283 0.1625269
6 0.5308054 0.284792 0.0406504 0.0381098
6 0.581936 0.2231438 0.0260417 0.0224175
3 0.7521596 0.6905488 0.0412856 0.107604
3 0.5549416 0.3548467 0.0482724 0.0526811
3 0.2535569 0.3968795 0.0298526 0.0493185
4 0.5889228 0.491033 0.0641514 0.08967
10 0.347561 0.2365943 0.023501 0.0224175
10 0.6543445 0.3800664 0.0387449 0.0515603
10 0.6260798 0.3004842 0.0304878 0.0336263
8 0.2443471 0.3559675 0.0203252 0.0347471
8 0.269436 0.306649 0.01969 0.0257801
8 0.523501 0.2158581 0.0247713 0.0168131
