18 0.5539888 0.2388361 0.081936 0.0246593
18 0.5571646 0.2623745 0.0895579 0.0246593
18 0.5603404 0.2875942 0.0971799 0.0280219
18 0.5660569 0.3178578 0.1048018 0.0392306
18 0.5701855 0.3559675 0.1130589 0.0481976
18 0.5765371 0.4069674 0.1219512 0.0582855
18 0.5828887 0.4680551 0.1346545 0.0661316
18 0.5949568 0.5403515 0.1473577 0.0672525
18 0.6003557 0.6227358 0.1556148 0.0840656
18 0.6063897 0.720252 0.1740346 0.1019996
19 0.652439 0.293759 0.0832063 0.0425933
19 0.6683181 0.3251435 0.0793953 0.0470768
19 0.6807038 0.3615719 0.0813008 0.0504394
19 0.6946773 0.4030443 0.0876524 0.0504394
19 0.7102388 0.4540441 0.0882876 0.053802
19 0.7251651 0.5084066 0.0901931 0.0526811
19 0.7369157 0.5650108 0.0933689 0.0560438
19 0.748031 0.643472 0.0940041 0.1031205
21 0.3967861 0.5224175 0.1867378 0.0605273
21 0.3777312 0.5650108 0.1867378 0.0739778
21 0.3821773 0.6210545 0.2096037 0.098637
21 0.377096 0.6698126 0.2134146 0.1154501
21 0.3685213 0.720252 0.2153201 0.1289006
22 0.2541921 0.4355497 0.0806657 0.0302636
22 0.248158 0.4635716 0.0813008 0.0347471
22 0.2402185 0.4921539 0.0717734 0.0403515
22 0.232279 0.5274614 0.0724085 0.0504394
22 0.2243394 0.5582855 0.070503 0.0582855
22 0.218623 0.5930326 0.0679624 0.0762195
22 0.2097307 0.6289006 0.0717734 0.0963953
