10 0.3990091 0.7751749 0.078125 0.1401094
10 0.2163999 0.5633294 0.0266768 0.0683734
10 0.3319995 0.2931985 0.0215955 0.0235384
9 0.1722561 0.7124058 0.0209604 0.0818239
9 0.2878557 0.5224175 0.0400152 0.071736
9 0.4583968 0.2685393 0.0304878 0.0190549
3 0.4583968 0.2388361 0.0254065 0.017934
3 0.4269563 0.3778246 0.0463669 0.044835
3 0.2335493 0.7084828 0.0368394 0.1031205
5 0.3243775 0.3980004 0.0355691 0.0493185
5 0.2649898 0.3974399 0.0260417 0.0369889
5 0.3824949 0.2786272 0.0260417 0.0257801
7 0.435531 0.5566042 0.0800305 0.1109666
7 0.1887703 0.5493185 0.0247713 0.062769
7 0.2741997 0.3610115 0.0266768 0.035868
4 0.2970655 0.3430775 0.0241362 0.0381098
4 0.4422002 0.3094512 0.0362043 0.0336263
4 0.1500254 0.634505 0.0158791 0.0560438
8 0.234502 0.4108904 0.0184197 0.0302636
8 0.3682038 0.3374731 0.0304878 0.0313845
8 0.3196138 0.2747041 0.0146087 0.017934
6 0.3545478 0.2629349 0.0209604 0.0257801
6 0.3951982 0.2539679 0.0247713 0.0190549
6 0.289126 0.3060886 0.01969 0.026901
