4 0.3713796 0.7611639 0.0863821 0.1591643
4 0.2125889 0.5117692 0.0304878 0.0661316
4 0.326283 0.2612536 0.0241362 0.0246593
3 0.452998 0.2068911 0.027312 0.0190549
3 0.2684832 0.5235384 0.0393801 0.0829448
3 0.2545097 0.3985608 0.0292175 0.0526811
5 0.1401804 0.6294611 0.0139736 0.0594064
7 0.1782901 0.5347471 0.0279472 0.062769
7 0.4402947 0.3105721 0.0489075 0.0403515
6 0.3183435 0.3946377 0.0412856 0.0560438
6 0.2303735 0.7465925 0.0444614 0.1232963
6 0.388529 0.2281878 0.0266768 0.0235384
9 0.4028201 0.4871099 0.0603404 0.0885491
9 0.3548653 0.3010447 0.0330285 0.0347471
9 0.1665396 0.6569225 0.0209604 0.0694943
5 0.20719 0.414253 0.0222307 0.0392306
10 0.3469258 0.2337921 0.023501 0.0212966
10 0.4555386 0.2410778 0.031123 0.0246593
10 0.4237805 0.3615719 0.0463669 0.0504394
8 0.2433943 0.356528 0.0184197 0.0313845
8 0.2697536 0.3060886 0.0177846 0.0224175
8 0.377096 0.2657371 0.0254065 0.0246593
5 0.2808689 0.3240226 0.027312 0.0336263
5 0.2980183 0.2752645 0.0247713 0.0302636
