18 0.600031 0.8315978 0.1718696 0.1567487
18 0.585716 0.6488377 0.1494586 0.1116383
18 0.571377 0.562828 0.1332184 0.0897743
18 0.5537477 0.3896972 0.1036605 0.0372943
18 0.5915824 0.7422755 0.1648191 0.1351081
18 0.5578455 0.4360412 0.1134107 0.0543516
18 0.5474234 0.3541788 0.0930847 0.036082
18 0.5622415 0.4913924 0.1294581 0.0652836
19 0.6411704 0.3922684 0.0793062 0.0442628
19 0.71578 0.6765628 0.0882315 0.1206504
19 0.6671659 0.4832791 0.0933635 0.0662537
19 0.7248842 0.752396 0.087172 0.1485571
19 0.7004178 0.6033138 0.0882152 0.0992632
19 0.6811115 0.5411744 0.0941593 0.0779708
19 0.6561687 0.43553 0.0870243 0.0438074
18 0.5423615 0.3255514 0.0865886 0.0320622
18 0.5391405 0.2972058 0.078592 0.0256498
19 0.6297528 0.3559321 0.0769429 0.0372433
14 0.1692631 0.6947432 0.0668532 0.2085162
14 0.2050987 0.549268 0.0651446 0.1455377
14 0.2444249 0.4233799 0.0720023 0.090027
14 0.3195971 0.2825027 0.0678021 0.0644941
14 0.3392662 0.2365415 0.0502301 0.0411839
14 0.3471788 0.2095373 0.029339 0.0282713
14 0.2819884 0.3430275 0.0792757 0.0669081
20 0.3826732 0.6708219 0.2137045 0.0812523
22 0.4271903 0.2909501 0.1055553 0.0120472
20 0.3862301 0.4616161 0.1478653 0.036488
22 0.3675438 0.7248014 0.2164748 0.0983955
21 0.4187083 0.335406 0.1377436 0.0203595
21 0.3496045 0.8868912 0.2306522 0.1393099
22 0.4148034 0.373757 0.1407457 0.0221181
22 0.4209974 0.3034969 0.1155372 0.0159305
22 0.359873 0.7790572 0.2245827 0.0996675
22 0.3810062 0.5325067 0.1635085 0.0540633
20 0.3839607 0.4952482 0.1590462 0.0545403
20 0.4152582 0.3560943 0.1326247 0.0207294
20 0.3899295 0.6261733 0.2122127 0.0786378
20 0.4141887 0.4011186 0.1477801 0.0278294
20 0.4203026 0.3181038 0.1193307 0.0168638
21 0.3905725 0.5768785 0.1892254 0.0648909
22 0.3560173 0.8349918 0.2221667 0.1129004
12 0.2258338 0.3266167 0.0427075 0.076493
11 0.2873501 0.2311597 0.0474661 0.0434676
11 0.2570147 0.2767284 0.0421941 0.058172
11 0.1153274 0.6388688 0.030692 0.1518185
11 0.1838942 0.4074308 0.0473685 0.0869393
16 0.0822958 0.5879058 0.0141286 0.1165236
16 0.1280558 0.4040487 0.0340604 0.0742696
16 0.1033191 0.4843599 0.034666 0.0904666
21 0.4300336 0.2791042 0.1110867 0.0180501
21 0.3987789 0.426028 0.1597917 0.0291392
13 0.1443436 0.5030464 0.0386937 0.1132611
16 0.166171 0.3510141 0.0340604 0.0742696
16 0.1899242 0.2887111 0.030764 0.0603083
16 0.2229887 0.2447364 0.030764 0.0603083
20 0.4320368 0.2649639 0.1110867 0.0180501
