18 0.513364 0.8564181 0.2063146 0.126824
18 0.503876 0.6583447 0.1768411 0.1068741
18 0.495801 0.5639392 0.1558463 0.0819368
18 0.4865149 0.3865282 0.1178941 0.0391872
18 0.5071772 0.7591715 0.1880035 0.1204293
18 0.4903505 0.4335528 0.1328327 0.0548621
18 0.4830125 0.3504611 0.1135938 0.0368775
18 0.4909561 0.494471 0.1445413 0.0641245
19 0.5998191 0.3887582 0.1005926 0.0457428
19 0.6749558 0.6988192 0.1156891 0.1279736
19 0.6257551 0.4870896 0.1147688 0.0621865
19 0.6817407 0.7864222 0.1174618 0.1549807
19 0.6595808 0.6196599 0.1060645 0.1064538
19 0.6389228 0.5517361 0.1207331 0.0789054
19 0.6128847 0.4326262 0.1121761 0.0443751
18 0.4760241 0.3185431 0.1057683 0.0271912
18 0.4714204 0.2939933 0.0891359 0.0265411
19 0.5887035 0.3482453 0.0976252 0.0409959
14 0.8188713 0.622176 0.0410364 0.1222121
14 0.7912043 0.5244202 0.0433259 0.1040729
14 0.7576308 0.4406777 0.0520833 0.0862118
14 0.6998538 0.3128051 0.0447334 0.0427898
14 0.6715432 0.2726921 0.0462518 0.0366634
14 0.6494404 0.2387515 0.0327139 0.0329467
14 0.7314883 0.372238 0.0563229 0.0704565
20 0.2838465 0.6406393 0.1404724 0.0796085
22 0.3542932 0.3123517 0.0991842 0.031461
20 0.2928127 0.5495713 0.1292604 0.0571667
22 0.2703972 0.7411512 0.1480497 0.1157764
21 0.3486478 0.3382683 0.1057957 0.0301893
21 0.2734709 0.6839211 0.1377021 0.1086759
22 0.33705 0.3742246 0.1046299 0.0339093
22 0.3571102 0.2995948 0.0975384 0.0265629
22 0.2618397 0.7866152 0.1500438 0.1301021
22 0.3206002 0.4440762 0.1266087 0.0283328
20 0.2993682 0.5132245 0.1287501 0.0394309
20 0.3422769 0.3580215 0.108457 0.0281872
20 0.2837057 0.5943024 0.125633 0.068511
20 0.3267143 0.399123 0.1160606 0.0318205
20 0.3630077 0.273944 0.0896768 0.0245839
21 0.3186357 0.4766123 0.1408381 0.0386235
22 0.2601191 0.8361876 0.1576852 0.1510356
11 0.2258338 0.3266167 0.0427075 0.076493
11 0.2873501 0.2311597 0.0474661 0.0434676
11 0.2570147 0.2767284 0.0421941 0.058172
13 0.1249558 0.6423822 0.042208 0.1578507
12 0.1838942 0.4074308 0.0473685 0.0869393
16 0.0822958 0.5879058 0.0141286 0.1165236
16 0.1280558 0.4040487 0.0340604 0.0742696
16 0.1033191 0.4843599 0.034666 0.0904666
21 0.3602895 0.2849279 0.0941947 0.0261991
21 0.3205335 0.4222205 0.1233819 0.0290948
11 0.1523132 0.5071199 0.0388217 0.1033539
16 0.166171 0.3510141 0.0340604 0.0742696
16 0.1899242 0.2887111 0.030764 0.0603083
16 0.2229887 0.2447364 0.030764 0.0603083
