19 0.2542753 0.7383932 0.0875069 0.1208494
19 0.3764834 0.9116716 0.1780063 0.1675354
18 0.3992684 0.8202904 0.1891347 0.1408786
18 0.3959835 0.7330172 0.1548289 0.1176401
18 0.4106712 0.5699877 0.1399576 0.0690716
18 0.4162892 0.6525936 0.1564115 0.0946639
19 0.2361022 0.8142658 0.0816454 0.1315885
14 0.2804399 0.5715307 0.0971503 0.0822736
14 0.3043101 0.4956561 0.1047895 0.0618338
15 0.6184401 0.7982362 0.2333861 0.1663719
16 0.6225975 0.689005 0.2118858 0.1433675
17 0.6198387 0.8979131 0.2569602 0.1888828
12 0.3267025 0.4446222 0.1021788 0.0455177
12 0.3450734 0.4028081 0.0954078 0.0410034
12 0.3642867 0.3631096 0.0929589 0.0500279
11 0.4499934 0.4387332 0.1391086 0.0616623
11 0.4344451 0.502053 0.1502062 0.0742846
13 0.4576089 0.3845833 0.1187384 0.0441107
22 0.6002751 0.4818291 0.1457709 0.0291831
22 0.8145876 0.6689207 0.050743 0.0822569
22 0.8307743 0.7656759 0.0526524 0.1105588
20 0.8210184 0.7035809 0.0589785 0.098059
20 0.6121614 0.5520534 0.1562811 0.0393265
20 0.60796 0.593833 0.1791881 0.057733
20 0.6010096 0.5126117 0.1548506 0.0372301
21 0.8306686 0.7312807 0.0555009 0.1162285
21 0.8014785 0.6448087 0.0637757 0.0782436
19 0.2687712 0.6623335 0.0993905 0.096126
