18 0.4331286 0.8607729 0.216823 0.1110475
18 0.4327076 0.6533136 0.1762515 0.1000866
18 0.4286764 0.5643543 0.1577643 0.0823708
18 0.4402171 0.3905724 0.1222759 0.0458507
18 0.4298725 0.7582421 0.1923067 0.1079648
18 0.4380342 0.4340474 0.1327556 0.0502285
18 0.4448593 0.3530663 0.1096038 0.0306185
18 0.4347697 0.4894738 0.1429448 0.0596554
19 0.5606698 0.3459928 0.0947851 0.0448671
19 0.6297616 0.8146535 0.1386814 0.1670822
19 0.6178972 0.7225011 0.1573289 0.1361791
19 0.5868663 0.5560429 0.1346065 0.0805254
19 0.6033291 0.6315921 0.1492022 0.1192285
19 0.5807613 0.4865855 0.1325591 0.0610232
19 0.5707995 0.4296688 0.1117886 0.0493185
18 0.4547506 0.3208173 0.1008307 0.0318784
18 0.4593202 0.2944461 0.1001604 0.0224765
19 0.5667131 0.3845515 0.0996362 0.0412814
14 0.7934353 0.6453321 0.0507264 0.1528493
14 0.7653645 0.5361763 0.0530158 0.1161853
14 0.7319929 0.4260716 0.063792 0.1011742
14 0.666361 0.2881734 0.0471196 0.0450285
14 0.6495859 0.2563186 0.0425242 0.0323608
14 0.6292531 0.2287766 0.0327139 0.0329467
14 0.6937977 0.3466409 0.0598372 0.0732011
21 0.259319 0.4899562 0.091965 0.0378423
20 0.2799066 0.3879839 0.0821245 0.0167617
20 0.2769897 0.432796 0.0947333 0.0236356
21 0.224692 0.6224375 0.0917745 0.0882193
22 0.2087366 0.6523007 0.0872693 0.0912617
22 0.1943021 0.7770289 0.0941193 0.1302439
22 0.2097528 0.6718003 0.0894714 0.0582406
22 0.3252299 0.3045783 0.0939508 0.0275006
21 0.2057096 0.7403662 0.0831607 0.1228663
22 0.3147998 0.3187984 0.0809357 0.0274558
20 0.2465967 0.51853 0.0936969 0.0524307
22 0.2785499 0.4070365 0.0924599 0.0213526
20 0.3056286 0.3352983 0.078106 0.024346
20 0.2614135 0.4601517 0.086929 0.0316932
20 0.3325831 0.2767622 0.0834789 0.0218582
20 0.290196 0.3698524 0.0793303 0.0180069
21 0.3290637 0.2907698 0.080355 0.026722
21 0.2374604 0.5469395 0.0907974 0.0598752
13 0.1639377 0.4138663 0.0427075 0.076493
12 0.2545149 0.2458123 0.0474661 0.0434676
11 0.2294633 0.2973753 0.0421941 0.058172
11 0.1354491 0.5055254 0.0337563 0.1025941
11 0.1962144 0.3435413 0.0403059 0.073717
16 0.8523678 0.5647627 0.0314101 0.0934828
16 0.7943575 0.3998533 0.0340604 0.0742696
16 0.8282837 0.4778494 0.034666 0.0904666
20 0.2966569 0.350261 0.0824992 0.0183326
22 0.229901 0.5862446 0.0872848 0.0694406
11 0.1051886 0.6056869 0.0230749 0.1233246
16 0.7633712 0.3358641 0.0340604 0.0742696
16 0.7366703 0.2881631 0.030764 0.0603083
16 0.7063432 0.2486061 0.030764 0.0603083
