18 0.7195535 0.7595447 0.0839104 0.1389304
18 0.7035982 0.6136849 0.0864191 0.0888499
18 0.6893581 0.5496483 0.0846575 0.0719603
18 0.6455102 0.3999303 0.0782672 0.0364
18 0.7150821 0.681837 0.0836126 0.112488
18 0.6594024 0.4418205 0.0832449 0.0401283
18 0.6330212 0.3700085 0.0704832 0.028442
18 0.6729196 0.4900185 0.0847724 0.0564721
19 0.5462367 0.3724986 0.101002 0.0396279
19 0.5867057 0.7230605 0.1649985 0.1300376
19 0.5613725 0.4765825 0.1216025 0.0568472
19 0.5839409 0.823799 0.1771209 0.1523447
19 0.5767212 0.623499 0.1546405 0.0937961
19 0.5689539 0.5426591 0.1371245 0.0764263
19 0.5544307 0.4232278 0.1144914 0.0555869
18 0.6188834 0.3391242 0.072717 0.0304186
18 0.6058312 0.3122299 0.0710996 0.0314807
19 0.5364873 0.3338448 0.0769429 0.0372433
14 0.1692631 0.6947432 0.0668532 0.2085162
14 0.2050987 0.549268 0.0651446 0.1455377
14 0.2444249 0.4233799 0.0720023 0.090027
14 0.3177946 0.280278 0.0641971 0.0600448
14 0.3392662 0.2365415 0.0502301 0.0411839
14 0.3543334 0.2096447 0.0436481 0.028486
14 0.275422 0.3429309 0.0661431 0.0667149
20 0.360605 0.7189014 0.2093966 0.0990159
20 0.4316546 0.2901998 0.1055553 0.0120472
20 0.3943534 0.47985 0.1786646 0.0432196
22 0.4084329 0.3902871 0.1551011 0.0195988
20 0.4332091 0.2648922 0.1067962 0.0113271
21 0.3615196 0.7778709 0.2182904 0.1148897
22 0.4131027 0.3726316 0.1407457 0.0221181
22 0.4290757 0.3034969 0.1155372 0.0159305
22 0.3627614 0.8359974 0.224998 0.1270427
22 0.3804764 0.5186932 0.1796109 0.0452801
21 0.3778433 0.5626757 0.1911952 0.0521464
20 0.4163211 0.3530931 0.1326247 0.0207294
22 0.3690103 0.6093739 0.1879905 0.0612587
20 0.3970565 0.4454059 0.1602375 0.0257599
20 0.4130747 0.3346104 0.1193307 0.0168638
21 0.3681851 0.6618278 0.2064912 0.088812
22 0.3528208 0.8893789 0.2303265 0.1392244
11 0.2258338 0.3266167 0.0427075 0.076493
11 0.2873501 0.2311597 0.0474661 0.0434676
11 0.2570147 0.2767284 0.0421941 0.058172
13 0.1203141 0.6349577 0.030692 0.1518185
12 0.1838942 0.4074308 0.0473685 0.0869393
16 0.0885095 0.56802 0.0197273 0.0943522
16 0.1413536 0.3972042 0.0340604 0.0742696
16 0.109968 0.4814266 0.034666 0.0904666
21 0.4353319 0.2781808 0.1046764 0.0138945
21 0.4064382 0.4138632 0.1597917 0.0291392
11 0.1504385 0.5030464 0.0386937 0.1132611
16 0.1706036 0.3343918 0.0340604 0.0742696
16 0.1998976 0.2828443 0.030764 0.0603083
16 0.2329621 0.2388697 0.030764 0.0603083
20 0.4209824 0.3197359 0.1110867 0.0180501
