6 0.2213855 0.7192594 0.0382781 0.1151665
6 0.3519076 0.3123007 0.0345131 0.0365432
6 0.3798318 0.2597006 0.0301205 0.0243622
10 0.3481426 0.8017585 0.0709086 0.149495
10 0.7437877 0.718152 0.0376506 0.1107371
10 0.434739 0.3693303 0.0470633 0.0465096
9 0.263115 0.5182716 0.0376506 0.0808381
9 0.4570156 0.2087615 0.0251004 0.0155032
9 0.5749874 0.2214963 0.0251004 0.0232548
8 0.3236697 0.3964608 0.0357681 0.0498317
8 0.5828313 0.5370969 0.0633785 0.0919118
8 0.5436119 0.3826187 0.0489458 0.0509391
3 0.3864207 0.223711 0.028238 0.0188253
3 0.4353665 0.2868311 0.0395331 0.0343285
3 0.6248745 0.3023343 0.033258 0.0343285
7 0.3970884 0.5553685 0.0834588 0.1262403
7 0.6004016 0.8111712 0.0985191 0.1838235
7 0.5191391 0.262469 0.0401606 0.0276843
5 0.5169428 0.2071005 0.0257279 0.0188253
5 0.5426707 0.2857238 0.0382781 0.0321137
5 0.6452686 0.3743134 0.0414157 0.0476169
4 0.6960969 0.5049832 0.0451807 0.0786233
4 0.5928715 0.2502879 0.0269829 0.0254695
4 0.4545055 0.2403216 0.0326305 0.0232548
