18 0.6805152 0.7926499 0.1094154 0.1631612
18 0.660559 0.6291568 0.1131076 0.1096754
18 0.6422319 0.556063 0.1127907 0.0791644
18 0.6046565 0.3929709 0.0941644 0.0462516
18 0.6735209 0.7121469 0.1080616 0.1375291
18 0.6160063 0.439489 0.0990991 0.0429896
18 0.5905806 0.359868 0.0929418 0.0380135
18 0.626818 0.4903783 0.1053802 0.0537852
19 0.4847513 0.3403086 0.1005926 0.0457428
19 0.5134571 0.8522335 0.2028984 0.1366183
19 0.5160075 0.7450503 0.2005061 0.1190051
19 0.4995451 0.5563402 0.1592399 0.085049
19 0.5066972 0.6458347 0.1798193 0.1115224
19 0.499078 0.4818488 0.1486985 0.0676312
19 0.4869157 0.3791891 0.1121761 0.0443751
18 0.5836817 0.3314857 0.0909478 0.0298059
18 0.5750767 0.3018913 0.0840777 0.0221452
19 0.489845 0.4266302 0.1324662 0.0552248
14 0.8188713 0.622176 0.0410364 0.1222121
14 0.7912043 0.5244202 0.0433259 0.1040729
14 0.7576308 0.4406777 0.0520833 0.0862118
14 0.6998538 0.3128051 0.0447334 0.0427898
14 0.6715432 0.2726921 0.0462518 0.0366634
14 0.6494404 0.2387515 0.0327139 0.0329467
14 0.7314883 0.372238 0.0563229 0.0704565
20 0.2878132 0.6452183 0.1467257 0.0650472
22 0.3626937 0.3086456 0.0991842 0.031461
20 0.2963731 0.5570909 0.1422616 0.0351447
20 0.2852118 0.7485945 0.1566774 0.0936018
21 0.3453563 0.3427364 0.1017329 0.0360775
22 0.2895867 0.6972402 0.1615331 0.0819461
22 0.3382983 0.3594867 0.1012461 0.0352185
22 0.368871 0.2958886 0.0975384 0.0265629
21 0.2893868 0.7977524 0.1757362 0.1197625
22 0.3585032 0.3250149 0.1017241 0.0349941
22 0.3239389 0.4544049 0.1358061 0.0343595
20 0.2960178 0.5207303 0.1312899 0.0425828
20 0.3702852 0.2712914 0.0888688 0.0237537
20 0.2871287 0.6013959 0.1383594 0.0530492
20 0.3288361 0.4017415 0.1211441 0.0458553
22 0.3373547 0.3790385 0.1148156 0.0382446
21 0.3194758 0.4840245 0.1408381 0.0386235
20 0.2795306 0.8461941 0.1788671 0.145847
11 0.2258338 0.3266167 0.0427075 0.076493
11 0.2873501 0.2311597 0.0474661 0.0434676
11 0.2570147 0.2767284 0.0421941 0.058172
12 0.1249558 0.6423822 0.042208 0.1578507
13 0.1838942 0.4074308 0.0473685 0.0869393
16 0.0822958 0.5879058 0.0141286 0.1165236
16 0.1280558 0.4040487 0.0340604 0.0742696
16 0.1033191 0.4843599 0.034666 0.0904666
21 0.3754105 0.281963 0.0941947 0.0261991
21 0.3185845 0.4282057 0.1270444 0.0438084
11 0.1523132 0.5071199 0.0388217 0.1033539
16 0.166171 0.3510141 0.0340604 0.0742696
16 0.1899242 0.2887111 0.030764 0.0603083
16 0.2229887 0.2447364 0.030764 0.0603083
