14 0.6148141 0.264799 0.0837289 0.0418838
14 0.6273405 0.3026108 0.0929589 0.0453742
14 0.6458004 0.3543838 0.1035074 0.0651526
14 0.6685456 0.4195365 0.1107595 0.0698064
14 0.6870055 0.5067945 0.1147152 0.097729
14 0.7094211 0.5963794 0.1094409 0.1465934
14 0.7295293 0.705161 0.1048259 0.1873138
17 0.4977914 0.3677634 0.1714135 0.0570086
16 0.5014175 0.4294257 0.1905327 0.0756236
15 0.5070214 0.497487 0.2070148 0.0837677
17 0.5030657 0.5876536 0.2373418 0.1081999
16 0.5136142 0.6871277 0.2650316 0.1140171
16 0.515592 0.7982362 0.2808544 0.1617182
21 0.2663832 0.5917256 0.1107595 0.0698064
21 0.264735 0.6347729 0.1153745 0.0930752
21 0.2564939 0.6737481 0.1133966 0.1128537
21 0.2449565 0.7086513 0.1101002 0.1105268
21 0.2410008 0.7528621 0.116693 0.1291418
12 0.1328784 0.574274 0.025712 0.1070365
11 0.159909 0.4782902 0.0362605 0.0988924
12 0.190236 0.3881236 0.0375791 0.076787
12 0.2502307 0.264799 0.034942 0.0465376
11 0.2762724 0.2287323 0.0342827 0.039557
13 0.2195741 0.3200624 0.0448312 0.0593354
