19 0.6346105 0.5849078 0.1354507 0.0742426
19 0.45107 0.5312154 0.1269004 0.0553648
18 0.6248823 0.5285107 0.1201849 0.0514901
18 0.31306 0.5658009 0.0873656 0.056333
18 0.4529325 0.4789471 0.1158101 0.0373523
18 0.3265512 0.517598 0.0849206 0.0473767
19 0.2981767 0.6156351 0.091201 0.0769375
14 0.343626 0.4475213 0.093472 0.0500702
14 0.3564021 0.4044329 0.0794938 0.0378365
15 0.2811592 0.7858711 0.1280814 0.172978
16 0.272737 0.8701021 0.1375926 0.2041261
17 0.2943766 0.6951748 0.1281609 0.1399731
12 0.6581038 0.6735519 0.1631695 0.1327685
12 0.4641615 0.6905393 0.2133016 0.1266457
12 0.6922234 0.8937359 0.1833142 0.2085919
11 0.6763007 0.782739 0.178333 0.1780604
11 0.4704272 0.9307325 0.2633122 0.1366968
13 0.4688031 0.8166433 0.2461059 0.1548151
22 0.6041914 0.3685037 0.1047734 0.0176349
22 0.5895736 0.3208075 0.0816286 0.0153472
20 0.5955447 0.3385574 0.0977038 0.0166179
20 0.612736 0.3812229 0.1024479 0.0155722
20 0.6142298 0.3975966 0.1043817 0.0135814
20 0.6166659 0.4166873 0.113453 0.0170244
21 0.5911931 0.332069 0.089884 0.0137831
21 0.6041911 0.3597108 0.1009637 0.0244075
19 0.4525308 0.5919289 0.1355529 0.0620572
22 0.60004 0.350432 0.1010494 0.0153975
