14 0.7616631 0.6630216 0.0819088 0.177539
14 0.7487536 0.5620758 0.0845798 0.1296192
14 0.7329505 0.4630939 0.0912571 0.095054
14 0.713141 0.3794306 0.090812 0.0848416
14 0.6937767 0.3161922 0.0903668 0.0730581
14 0.6764156 0.2659157 0.0841346 0.0652024
14 0.661948 0.2231021 0.0836895 0.0549899
19 0.5677974 0.2529537 0.1063925 0.0502765
19 0.5726941 0.2926251 0.1144053 0.0526332
19 0.5840456 0.3377954 0.1273148 0.0659879
19 0.5871617 0.3963204 0.1371083 0.0699158
19 0.5920584 0.4682001 0.1495726 0.0738436
19 0.5982906 0.550685 0.1593661 0.0848416
19 0.6038551 0.6473102 0.1624822 0.122549
19 0.6043002 0.748256 0.1749466 0.1421883
18 0.3986378 0.7396148 0.170495 0.1531863
18 0.4001959 0.6441679 0.1575855 0.1319759
18 0.409099 0.5518634 0.1540242 0.1186212
18 0.4193376 0.4717352 0.1424501 0.0919118
18 0.421786 0.3959276 0.1339922 0.0644168
18 0.4346955 0.3385809 0.1268697 0.0534188
18 0.4364761 0.294589 0.1179665 0.0471342
18 0.4458244 0.2568816 0.1099537 0.043992
18 0.454505 0.2246732 0.0979345 0.032994
18 0.4576211 0.1983566 0.0899217 0.0306373
21 0.2041043 0.673234 0.0636574 0.0989819
20 0.2081108 0.6370978 0.0636574 0.0911262
22 0.2087785 0.6017471 0.0632123 0.0801282
20 0.2176816 0.5730738 0.0676638 0.0762004
22 0.2234687 0.5381159 0.0658832 0.0675591
21 0.2317041 0.5055147 0.0636574 0.0557755
22 0.2370459 0.4752702 0.0689993 0.0455631
21 0.2477297 0.4454186 0.0707799 0.0424208
22 0.2535167 0.4155669 0.0707799 0.0361362
20 0.2615296 0.3853224 0.0716702 0.027495
22 0.2733262 0.3609697 0.0721154 0.027495
20 0.2793358 0.3389737 0.0761218 0.0306373
20 0.2842325 0.3197272 0.0743412 0.0361362
22 0.2973647 0.2981241 0.0730057 0.0353507
20 0.3053775 0.2808415 0.0703348 0.0369218
21 0.3089387 0.2659157 0.0756766 0.038493
20 0.3125 0.2490259 0.0721154 0.0345651
21 0.3153935 0.2364568 0.0707799 0.0377074
22 0.3242967 0.2227093 0.0707799 0.0306373
