19 0.3377849 0.8337259 0.1598893 0.1614048
19 0.3467744 0.6268137 0.1525396 0.0944138
19 0.3545767 0.5422272 0.1433125 0.0771764
19 0.3740893 0.4168111 0.1266089 0.0664404
19 0.341747 0.7264032 0.155154 0.1190724
19 0.3658376 0.4748001 0.1303572 0.0679976
19 0.3879126 0.3405819 0.1064026 0.0527874
19 0.3759657 0.3811505 0.1132896 0.0588947
18 0.499735 0.3531414 0.1011856 0.0331799
18 0.5344347 0.8533437 0.2023891 0.1535662
18 0.5325669 0.7488252 0.1885804 0.1341368
18 0.5233412 0.6498655 0.1778073 0.1086296
18 0.5215781 0.558627 0.1684179 0.0884495
18 0.5138514 0.494731 0.1475845 0.0627379
18 0.5066452 0.4369263 0.1368532 0.0498161
18 0.4947831 0.324235 0.0986037 0.0296837
18 0.490311 0.2960354 0.0928916 0.023691
18 0.4995998 0.3905085 0.1173979 0.0416227
14 0.767716 0.7085733 0.0661305 0.2027983
14 0.7288352 0.5450995 0.078788 0.137206
14 0.6850557 0.4263876 0.0795414 0.1084686
14 0.6565772 0.3449098 0.067054 0.0665376
14 0.6365326 0.2879379 0.0604851 0.0560175
14 0.6125585 0.2503733 0.0490524 0.0423706
14 0.5968716 0.2220223 0.0469681 0.0371749
21 0.2143331 0.4817483 0.0668913 0.0313131
21 0.1701644 0.6672995 0.0656148 0.0846268
21 0.1852464 0.6026078 0.0683859 0.0680327
20 0.1630314 0.6967913 0.0614984 0.090522
22 0.1799222 0.6347492 0.0675453 0.0713321
22 0.1613857 0.733258 0.0586625 0.1027422
22 0.197028 0.5402034 0.0655028 0.0401057
22 0.2629533 0.3585611 0.0646265 0.0304873
20 0.1915202 0.5693712 0.0688592 0.0480007
22 0.3082813 0.2797673 0.0651162 0.0283386
20 0.2242372 0.454206 0.0692952 0.028492
21 0.2493034 0.3905266 0.0743099 0.0390009
20 0.2702637 0.340666 0.0706858 0.0338947
20 0.2539013 0.3727207 0.076603 0.0344768
22 0.3045791 0.2913424 0.068691 0.0312142
20 0.2431174 0.4083974 0.0705973 0.0314898
20 0.2877539 0.3092448 0.0648107 0.0318762
21 0.2309243 0.4329779 0.0750694 0.0306401
12 0.8165379 0.6186814 0.0358536 0.1507318
13 0.6593042 0.2439674 0.0428142 0.0386925
11 0.6873637 0.2829472 0.0356013 0.0570086
11 0.7126503 0.3292242 0.0428417 0.0647043
11 0.7868057 0.4957277 0.0419756 0.1106916
11 0.7469826 0.4037455 0.0472059 0.0881382
16 0.8553418 0.559495 0.0297961 0.0873125
16 0.7697183 0.3319718 0.0332448 0.0650363
16 0.7968294 0.4019686 0.0339104 0.0667575
16 0.7084947 0.2453861 0.0307038 0.0497004
16 0.7399911 0.279011 0.0353312 0.0348319
16 0.8288204 0.4775893 0.0301479 0.0974861
20 0.2075163 0.508951 0.0690359 0.0323251
22 0.2775412 0.3265197 0.0729814 0.0339865
