8 0.3266006 0.3929564 0.0362043 0.0481976
8 0.2065549 0.4293849 0.0209604 0.0381098
8 0.1779726 0.5240988 0.01969 0.0526811
10 0.3577236 0.7712518 0.0717734 0.1501973
10 0.4225102 0.3582093 0.0450965 0.0459559
10 0.2837271 0.3257039 0.0254065 0.0302636
3 0.4339431 0.2780667 0.0387449 0.0313845
3 0.388529 0.2197812 0.0254065 0.0201758
7 0.4066311 0.5375493 0.0793953 0.1176919
7 0.242124 0.369418 0.031123 0.0459559
7 0.3037348 0.2735832 0.0247713 0.026901
6 0.2306911 0.7146476 0.0450965 0.1221754
6 0.3443852 0.3077699 0.0323933 0.0347471
6 0.3732851 0.2573305 0.0279472 0.0257801
9 0.265625 0.5067253 0.0387449 0.0672525
9 0.4539507 0.2091329 0.0241362 0.0212966
9 0.3177083 0.2657371 0.0222307 0.0201758
4 0.441565 0.2371548 0.031123 0.0235384
4 0.3427973 0.2332317 0.0215955 0.0201758
4 0.2545097 0.3929564 0.0266768 0.0459559
5 0.2024263 0.5134505 0.0266768 0.0650108
5 0.1411331 0.6311424 0.0133384 0.0650108
5 0.2710239 0.2926381 0.0215955 0.0224175
3 0.1690803 0.6630873 0.023501 0.0818239
