14 0.6667256 0.8014578 0.1289038 0.2798515
14 0.6291957 0.5886686 0.132761 0.2178602
14 0.5747367 0.4358835 0.1124596 0.1278607
14 0.5418597 0.2632798 0.0714098 0.0519028
14 0.5224443 0.1936556 0.0466686 0.0299023
14 0.5296655 0.220231 0.0588784 0.0379446
14 0.5551515 0.331789 0.1028432 0.0870735
20 0.417169 0.7795688 0.2448486 0.0907327
20 0.3025711 0.343011 0.0848696 0.0341655
20 0.4165369 0.6577459 0.2165702 0.0657442
22 0.2240731 0.6077199 0.0916448 0.0538653
21 0.3102959 0.3256014 0.0871505 0.028028
22 0.2654127 0.4674111 0.0988789 0.0282519
22 0.2841162 0.4079298 0.0932028 0.0328576
22 0.3246897 0.2956169 0.09013 0.0280298
22 0.2037817 0.7135988 0.084748 0.1114237
21 0.2175298 0.6479118 0.0929577 0.0860222
20 0.2548406 0.5025941 0.0984025 0.0353606
22 0.4148665 0.7259061 0.2315508 0.0834994
20 0.4216487 0.6050924 0.2010723 0.0547072
20 0.2015548 0.7849609 0.0911115 0.1271279
21 0.2706675 0.4414705 0.1058281 0.0329201
22 0.3165632 0.3093059 0.0886525 0.0306373
16 0.7767471 0.4696652 0.0684072 0.141738
16 0.6713554 0.2669647 0.0642644 0.0654748
16 0.7095724 0.3503552 0.0761743 0.0941518
21 0.4071792 0.8368602 0.2650238 0.1106356
21 0.2981271 0.3635671 0.0915413 0.0309515
16 0.633897 0.2163618 0.0521558 0.0387024
16 0.6114594 0.1911698 0.0508813 0.0216069
16 0.5958607 0.173101 0.0504332 0.025168
20 0.2428757 0.5550605 0.0970432 0.0498688
16 0.8281711 0.6255662 0.0525844 0.1929294
