19 0.7199648 0.5806044 0.0844607 0.0612925
19 0.7383356 0.6377636 0.0815943 0.0799845
18 0.6227161 0.7312798 0.1578537 0.1081601
18 0.631615 0.826133 0.1637686 0.1351563
18 0.6070932 0.6429647 0.1476022 0.0830329
18 0.6014308 0.5741278 0.1318268 0.063784
19 0.7033941 0.5276822 0.0837267 0.0430932
14 0.4306402 0.9165023 0.2201897 0.1651423
14 0.4363121 0.7824341 0.2010457 0.166016
15 0.5851276 0.5024023 0.1534237 0.07273
16 0.5685225 0.4081429 0.1432853 0.0427391
17 0.5745146 0.4461448 0.1517837 0.0462565
12 0.3046041 0.5642791 0.0976906 0.0853971
12 0.2868964 0.6445303 0.1063132 0.1233504
12 0.323086 0.4965477 0.0880759 0.0545493
11 0.272112 0.7471128 0.1140072 0.1596368
11 0.2577506 0.8438829 0.117466 0.1902765
13 0.3446816 0.4401303 0.0838415 0.0552965
22 0.453206 0.3625507 0.0892275 0.022582
22 0.4211145 0.5151646 0.1333807 0.034992
20 0.4226291 0.5431302 0.1464423 0.0266597
20 0.4345003 0.4168254 0.1046388 0.03158
20 0.4546254 0.3346454 0.0855812 0.036596
20 0.4426788 0.4632731 0.1232807 0.0313406
21 0.4490415 0.3739758 0.0917887 0.0193148
19 0.6378825 0.9237289 0.1679849 0.150704
22 0.4217623 0.4892093 0.1244631 0.0249275
19 0.7681457 0.7676844 0.0887528 0.132001
19 0.7746634 0.8265133 0.0843115 0.1358901
19 0.7502409 0.7037775 0.0823435 0.1048792
20 0.4377737 0.3967608 0.1067364 0.0248083
22 0.4469694 0.3863141 0.1008932 0.0230842
20 0.4311985 0.4409913 0.1132128 0.031612
