19 0.4285667 0.559731 0.1424051 0.0639892
19 0.3865777 0.915246 0.1815518 0.1557329
18 0.3884585 0.8219833 0.170311 0.1417329
18 0.4170293 0.6376815 0.1417458 0.0919118
18 0.4358188 0.501559 0.1292194 0.0500279
18 0.4491052 0.4562624 0.1135981 0.050183
19 0.4493341 0.4073204 0.1074631 0.0360666
14 0.234408 0.7970728 0.0903217 0.1733526
14 0.2568236 0.705161 0.1008703 0.1431031
15 0.6021242 0.6962271 0.2185495 0.1298891
16 0.606172 0.802625 0.2460553 0.1658419
17 0.6172586 0.9037297 0.2608018 0.1865546
12 0.3580235 0.3799795 0.0922996 0.0535182
12 0.3171206 0.4768481 0.1015842 0.0598929
12 0.5963542 0.5893987 0.1786656 0.1116902
11 0.3402228 0.4265171 0.0962553 0.0535182
11 0.3003362 0.541116 0.1035074 0.0709698
13 0.2835245 0.6173213 0.1199895 0.0907483
22 0.7974354 0.6516428 0.0599947 0.0802774
22 0.7938093 0.6231385 0.0593354 0.0698064
22 0.8251253 0.7435545 0.056039 0.1012193
20 0.8185324 0.7127234 0.0507648 0.0954021
20 0.772053 0.5632213 0.0659283 0.0523548
20 0.7819422 0.5911439 0.0632911 0.0593354
20 0.7634823 0.5352988 0.0619726 0.0407204
21 0.8228178 0.7900921 0.0619726 0.1244881
21 0.8119396 0.6807288 0.0507648 0.087258
19 0.4013109 0.7205637 0.1604145 0.1180633
