20 0.7638336 0.4692183 0.0746417 0.0380526
20 0.7776008 0.4964406 0.0716561 0.0433215
20 0.7820794 0.5312734 0.0673434 0.0556154
20 0.7908705 0.5625937 0.0623673 0.070251
20 0.7926951 0.5985973 0.0587182 0.0778616
20 0.7970077 0.6351864 0.062699 0.0971806
20 0.7993299 0.6703119 0.0620356 0.1100599
21 0.6256635 0.5669844 0.1811306 0.0720073
21 0.6347864 0.6176236 0.1814623 0.0924972
21 0.6389331 0.6694338 0.1917463 0.1071328
21 0.6367768 0.728269 0.2040207 0.125281
21 0.6329618 0.7835917 0.2089968 0.1282081
19 0.4007431 0.7347087 0.1618896 0.1522106
19 0.407212 0.6378208 0.1628848 0.1410875
19 0.4196523 0.5453236 0.1559183 0.1129871
19 0.4267848 0.4621932 0.1489517 0.0766907
19 0.4272824 0.3855025 0.1393312 0.0673239
19 0.4408838 0.3295944 0.1200902 0.0597134
19 0.4440353 0.282175 0.1064889 0.0480049
19 0.4493432 0.2473422 0.1031714 0.0462486
18 0.2556064 0.6624087 0.0892383 0.1399166
18 0.2662221 0.5921576 0.083267 0.1176705
18 0.2779989 0.5195649 0.0855892 0.1001077
18 0.2904392 0.4548754 0.0872479 0.0796178
18 0.3033771 0.3954548 0.0852574 0.0638114
18 0.3232816 0.3430592 0.0885748 0.0503466
18 0.3332338 0.3050066 0.0839305 0.0480049
18 0.3433519 0.2695883 0.0849257 0.0450777
18 0.3606024 0.2359264 0.0802813 0.0409798
18 0.3677349 0.2113385 0.0786226 0.0444923
