8 0.2446646 0.7342629 0.0438262 0.1120875
8 0.58797 0.7886254 0.0762195 0.1356259
8 0.5231834 0.216979 0.0241362 0.0190549
3 0.3951982 0.4702968 0.0603404 0.0795821
3 0.7007114 0.4966374 0.0412856 0.0829448
3 0.3472434 0.3032864 0.0342988 0.0392306
10 0.3923399 0.7325816 0.0787602 0.1490764
10 0.4485518 0.239957 0.0285823 0.0201758
10 0.5968623 0.257891 0.0279472 0.026901
6 0.2805513 0.5196153 0.0495427 0.0863074
6 0.306593 0.3929564 0.0381098 0.0571646
6 0.3662983 0.2595723 0.0304878 0.0235384
9 0.3901169 0.2180999 0.0209604 0.0190549
9 0.4377541 0.2719019 0.0336636 0.0235384
9 0.6241743 0.3004842 0.0304878 0.0381098
4 0.4212398 0.3408357 0.0463669 0.044835
4 0.666095 0.3761433 0.0368394 0.0526811
4 0.5876524 0.2209021 0.0247713 0.0246593
5 0.5390625 0.279748 0.0355691 0.0347471
5 0.560658 0.4977582 0.0698679 0.08967
5 0.7464431 0.6866257 0.0387449 0.1064831
7 0.5587525 0.3974399 0.0597053 0.0706151
7 0.5161966 0.2584514 0.0406504 0.0235384
7 0.4606199 0.2287482 0.0336636 0.0246593
