19 0.6938819 0.7730116 0.1089029 0.1607291
19 0.6642 0.6117702 0.1124333 0.1132463
19 0.6512009 0.5331185 0.1009315 0.0897665
19 0.619997 0.4165485 0.0933393 0.0463323
19 0.6810008 0.6903813 0.1129984 0.1292919
19 0.6344281 0.468929 0.0978104 0.062858
19 0.6025045 0.3383572 0.0891577 0.0384792
19 0.6113505 0.3750018 0.0897989 0.0411801
18 0.5069189 0.3518737 0.1011856 0.0331799
18 0.5352564 0.8466488 0.1987179 0.1406957
18 0.5277838 0.7488252 0.1885804 0.1341368
18 0.5229079 0.6490359 0.1769406 0.1102889
18 0.5221096 0.5595648 0.1684179 0.0884495
18 0.5132574 0.4862712 0.1449596 0.061909
18 0.5068663 0.4281496 0.1337033 0.0559598
18 0.5016078 0.324235 0.0986037 0.0296837
18 0.4974949 0.297937 0.0928916 0.023691
18 0.5049878 0.3797326 0.1173979 0.0416227
14 0.1429123 0.6664429 0.0469919 0.1587489
14 0.1776848 0.5342772 0.0615566 0.1481135
14 0.2139907 0.4360805 0.0586352 0.0972172
14 0.2405493 0.3509932 0.059651 0.0691302
14 0.2720609 0.2917693 0.0498575 0.0502765
14 0.2976189 0.257557 0.0490524 0.0423706
14 0.3205044 0.2218129 0.050895 0.0390978
21 0.3247549 0.4870422 0.1399101 0.0351427
21 0.2910539 0.7544805 0.1633987 0.1184178
21 0.3067103 0.6523933 0.1565957 0.0865052
20 0.2857081 0.8034585 0.1628566 0.1376042
22 0.3089178 0.5624362 0.1470745 0.037541
22 0.2733393 0.8484856 0.1630845 0.1520772
22 0.3038116 0.7008237 0.1603507 0.0923692
22 0.3572196 0.3430713 0.1122276 0.0317308
20 0.3101119 0.6065414 0.1467289 0.0574622
22 0.3819502 0.2698111 0.0952664 0.029328
20 0.3386163 0.4525164 0.1448671 0.0399809
21 0.3532786 0.3805019 0.1329036 0.0401273
20 0.3614662 0.3229919 0.1037342 0.0327485
20 0.3529378 0.3591772 0.1199578 0.0345309
22 0.3793631 0.281862 0.0987737 0.0299004
20 0.3491351 0.3984853 0.1340419 0.0364459
20 0.3759586 0.2938198 0.1064161 0.0302867
21 0.3466437 0.4213763 0.1410671 0.0389752
11 0.1380263 0.5040844 0.0412821 0.1008223
13 0.2638566 0.2394285 0.0428142 0.0386925
11 0.2327598 0.287486 0.0356013 0.0570086
11 0.1985929 0.3402158 0.0305758 0.0481071
11 0.107017 0.6146975 0.0319541 0.1171497
11 0.1664961 0.4084422 0.0404834 0.0771068
16 0.8553418 0.559495 0.0297961 0.0873125
16 0.7697183 0.3319718 0.0332448 0.0650363
16 0.7968294 0.4019686 0.0339104 0.0667575
16 0.7084947 0.2453861 0.0307038 0.0497004
16 0.7399911 0.279011 0.0353312 0.0348319
16 0.8288204 0.4775893 0.0301479 0.0974861
20 0.323172 0.5212284 0.1563521 0.0460668
22 0.3724539 0.3054286 0.104259 0.032916
