8 0.1890688 0.5326674 0.0200803 0.0498317
8 0.5483183 0.3959072 0.0432982 0.0487243
8 0.8046561 0.668874 0.0213353 0.0675496
9 0.1501632 0.6323308 0.0125502 0.0542612
9 0.2254644 0.5160569 0.0263554 0.0609054
9 0.7682605 0.4263599 0.0213353 0.0409727
4 0.1787149 0.6522635 0.0219629 0.0719791
4 0.2910392 0.5254695 0.0420432 0.0797307
4 0.7029995 0.5215937 0.0426707 0.0741938
7 0.2235818 0.4529367 0.0276104 0.0476169
7 0.4074423 0.8006511 0.0966365 0.1760719
7 0.5812626 0.5537075 0.0740462 0.1052002
6 0.265625 0.410303 0.0288655 0.0398653
6 0.6098143 0.7679837 0.0822038 0.1483877
6 0.6477786 0.4064272 0.0439257 0.0542612
10 0.3359061 0.4047661 0.0376506 0.0465096
10 0.4246988 0.5287916 0.0596135 0.0797307
10 0.8357179 0.6456192 0.0181978 0.0586906
5 0.4428966 0.380404 0.0483183 0.0531538
5 0.8049699 0.5166106 0.0207078 0.0465096
5 0.2417796 0.7203668 0.0389056 0.1085223
3 0.7390813 0.7131689 0.0445532 0.1096297
3 0.7673193 0.5177179 0.030748 0.059798
3 0.7237073 0.4003366 0.0301205 0.0465096
