7 0.4244157 0.795911 0.1009909 0.170373
7 0.7997967 0.5397911 0.0260417 0.0616481
7 0.2707063 0.4394727 0.0387449 0.0582855
5 0.2192581 0.4243409 0.0222307 0.0392306
5 0.7013465 0.5196153 0.0425559 0.0706151
5 0.7607342 0.702318 0.0355691 0.1019996
4 0.8115473 0.657483 0.0215955 0.0750986
4 0.6559324 0.3946377 0.0368394 0.0470768
4 0.1462144 0.6412303 0.0133384 0.0582855
3 0.1792429 0.5224175 0.0222307 0.0515603
3 0.7264355 0.4069674 0.0279472 0.0425933
3 0.8394944 0.625538 0.0190549 0.0515603
8 0.2259273 0.5313845 0.0279472 0.0560438
8 0.2560976 0.7477134 0.0425559 0.1031205
8 0.5504954 0.4041652 0.0457317 0.0504394
9 0.2789634 0.5325054 0.0387449 0.071736
9 0.4387068 0.3800664 0.0482724 0.0493185
9 0.6298908 0.774054 0.0698679 0.1333841
6 0.5813008 0.5403515 0.0679624 0.098637
6 0.7626397 0.5285823 0.0317581 0.0661316
6 0.7670859 0.4394727 0.0254065 0.0470768
10 0.4040904 0.5235384 0.0577998 0.0829448
10 0.326283 0.41033 0.0355691 0.0515603
10 0.1859121 0.6675708 0.0203252 0.0706151
