19 0.3326921 0.832008 0.1633896 0.1742193
19 0.3346502 0.7293175 0.1661976 0.1253763
19 0.3578298 0.5470983 0.1527163 0.0811007
19 0.3441641 0.6308834 0.1541969 0.097354
19 0.3596776 0.4781557 0.135616 0.0678483
19 0.3745056 0.4226411 0.1260404 0.0607053
19 0.3813488 0.3782161 0.1167289 0.0528689
19 0.389208 0.339138 0.0999798 0.0510498
18 0.4042723 0.3096972 0.0954229 0.0320938
18 0.5352564 0.8466488 0.1987179 0.1406957
18 0.5277838 0.7488252 0.1885804 0.1341368
18 0.5229079 0.6490359 0.1769406 0.1102889
18 0.5221096 0.5595648 0.1684179 0.0884495
18 0.5132574 0.4862712 0.1449596 0.061909
18 0.5068663 0.4281496 0.1337033 0.0559598
18 0.5067706 0.3392204 0.1052615 0.0385488
18 0.5084172 0.3144915 0.0993313 0.0333017
18 0.5049878 0.3797326 0.1173979 0.0416227
14 0.1462571 0.6816209 0.0469919 0.1587489
14 0.1709952 0.5351204 0.0615566 0.1481135
14 0.2139907 0.4360805 0.0586352 0.0972172
14 0.2405493 0.3509932 0.059651 0.0691302
14 0.2720609 0.2917693 0.0498575 0.0502765
14 0.2976189 0.257557 0.0490524 0.0423706
14 0.3205044 0.2218129 0.050895 0.0390978
21 0.7012635 0.5061555 0.098841 0.0326551
21 0.7476177 0.7159046 0.0889855 0.1137224
21 0.7102721 0.5710354 0.0936211 0.0527821
20 0.7522144 0.7580605 0.0909672 0.1298065
22 0.6849851 0.4565301 0.0975344 0.0300959
22 0.7288219 0.6403511 0.083445 0.076764
22 0.7091346 0.5380373 0.09375 0.0367647
22 0.6672433 0.4050535 0.0981085 0.0298251
20 0.7195379 0.6046863 0.087313 0.0561818
22 0.6225777 0.2939741 0.0815215 0.0310019
20 0.694039 0.479973 0.0908024 0.0355291
21 0.6515337 0.3715591 0.0860316 0.0363867
20 0.6438944 0.3530913 0.0852573 0.0372555
20 0.6593792 0.3913931 0.0911741 0.0362756
22 0.6254826 0.3077048 0.0860127 0.0326265
20 0.6753754 0.4322949 0.0951417 0.0319033
20 0.6286086 0.3248818 0.081716 0.0343392
21 0.6348174 0.3387375 0.0842445 0.0438579
11 0.1380263 0.5040844 0.0412821 0.1008223
13 0.2004572 0.3367487 0.0392951 0.0632911
11 0.2327598 0.287486 0.0356013 0.0570086
11 0.254021 0.2542066 0.0305758 0.0481071
12 0.107017 0.6146975 0.0319541 0.1171497
11 0.1664961 0.4084422 0.0404834 0.0771068
16 0.8553418 0.559495 0.0297961 0.0873125
16 0.7697183 0.3319718 0.0332448 0.0650363
15 0.7968294 0.4019686 0.0339104 0.0667575
16 0.7111318 0.2453861 0.0307038 0.0497004
16 0.7399911 0.279011 0.0353312 0.0348319
16 0.8288204 0.4775893 0.0301479 0.0974861
20 0.7417885 0.6788763 0.0877436 0.0873832
22 0.6219184 0.2887386 0.0815215 0.0310019
