19 0.7472704 0.6826773 0.086485 0.0833609
19 0.5826284 0.5223249 0.1375517 0.0643413
18 0.7756921 0.8262944 0.0797471 0.1335244
18 0.6187698 0.6562965 0.14702 0.0756236
18 0.7629263 0.7510233 0.0789074 0.1118775
18 0.7325482 0.6165966 0.0882395 0.0596215
19 0.6329444 0.7354105 0.1542722 0.1198343
14 0.4484857 0.7821147 0.1922296 0.1520774
14 0.4501511 0.9214599 0.2205312 0.155242
15 0.2690198 0.8554869 0.139769 0.1984641
16 0.2956197 0.6900438 0.1349499 0.1384644
17 0.2805865 0.7754206 0.1378475 0.171932
12 0.3556862 0.4180359 0.094337 0.0379043
12 0.3240263 0.5285874 0.1086934 0.0784891
12 0.4371374 0.6353546 0.1845992 0.1407762
11 0.3140448 0.6080187 0.1414731 0.1256613
11 0.368691 0.3771559 0.0894244 0.0452042
13 0.343973 0.4657942 0.1058962 0.0517511
22 0.688548 0.368007 0.0674143 0.0280298
22 0.7239472 0.4487438 0.0706509 0.0258803
20 0.7328205 0.470855 0.0673552 0.0294733
20 0.6816122 0.3594538 0.0684501 0.0268408
20 0.7192118 0.4319013 0.0674771 0.0255632
20 0.7078711 0.4151543 0.0690843 0.0261178
21 0.6753489 0.3480771 0.063698 0.0260718
19 0.6428606 0.8260557 0.1608109 0.1526169
22 0.7420703 0.4857904 0.0759509 0.0304168
19 0.6478342 0.9190931 0.1640494 0.1573462
19 0.6009369 0.5851625 0.1418102 0.0619908
20 0.7004141 0.3917303 0.0599136 0.026213
22 0.6902017 0.3772778 0.0675627 0.0295258
20 0.7030799 0.4027714 0.0654202 0.0243196
21 0.7476134 0.5106242 0.0732944 0.0338775
22 0.6728314 0.337336 0.0623151 0.0283877
19 0.5911831 0.4733906 0.1138496 0.0598271
