19 0.2661368 0.6393977 0.0885116 0.1004123
19 0.2419015 0.7852346 0.0809851 0.141321
18 0.2951891 0.5137496 0.0900169 0.0595036
18 0.2817919 0.5764408 0.0891137 0.0765046
18 0.2500301 0.7166993 0.0827914 0.1253825
18 0.7714445 0.7746276 0.072736 0.1511125
19 0.7589445 0.6937452 0.0779444 0.1308919
14 0.3960938 0.6305147 0.1796875 0.1507353
14 0.4052083 0.5137868 0.1604167 0.0992647
15 0.4028646 0.7587316 0.2369792 0.1571691
16 0.4 0.8644301 0.2572917 0.1755515
17 0.5815104 0.5078125 0.1942708 0.0854779
12 0.5877604 0.6070772 0.1953125 0.1516544
12 0.6226562 0.7136949 0.1994792 0.1755515
12 0.6328125 0.8497243 0.2177083 0.2104779
11 0.3283854 0.3543199 0.0630208 0.0542279
11 0.3148438 0.3984375 0.0671875 0.0560662
13 0.3072917 0.4522059 0.0885417 0.0735294
22 0.4070142 0.3869876 0.1234717 0.0393908
22 0.4336632 0.3028094 0.1133835 0.0282768
22 0.4350887 0.292756 0.1082176 0.0279139
21 0.4208896 0.3500809 0.126287 0.0337128
21 0.4367761 0.283365 0.1029601 0.0237764
20 0.4198842 0.3676471 0.1254826 0.0354872
20 0.4246099 0.331805 0.1172378 0.0283897
20 0.4276263 0.3176102 0.1116071 0.0312287
20 0.4361728 0.2688153 0.0933076 0.0216472
