3 0.2201305 0.7120615 0.0370231 0.1096297
3 0.4428966 0.2386605 0.030748 0.0199327
3 0.5985191 0.2513953 0.029493 0.0254695
6 0.2719001 0.5227011 0.0464357 0.089697
6 0.3766943 0.2580395 0.0288655 0.0232548
6 0.3870482 0.2248184 0.0257279 0.0166106
9 0.3139433 0.3759745 0.0376506 0.0465096
9 0.3663404 0.7751816 0.0822038 0.1472803
9 0.7494352 0.6948972 0.0401606 0.1018781
8 0.356614 0.3128544 0.0326305 0.0310064
8 0.5288655 0.2984585 0.0370231 0.0287916
8 0.5558484 0.3770819 0.0458082 0.0487243
10 0.4046185 0.5171642 0.0621235 0.0919118
10 0.7001757 0.508859 0.0407882 0.0708717
10 0.4482304 0.2884922 0.0376506 0.0287916
4 0.4623494 0.2071005 0.0257279 0.0166106
4 0.5759287 0.2181742 0.0232179 0.0188253
4 0.6490336 0.3704376 0.0401606 0.0509391
7 0.5561621 0.5454022 0.0815763 0.1218108
7 0.4171687 0.3986756 0.0621235 0.0697644
7 0.5122364 0.2292479 0.0301205 0.02104
5 0.5341993 0.2397679 0.0263554 0.0199327
5 0.6160894 0.2929217 0.0345131 0.0332211
5 0.6327184 0.7618932 0.0765562 0.1472803
