18 0.3371641 0.8407174 0.1669824 0.1488891
18 0.352495 0.6475843 0.1521433 0.1047368
18 0.3576301 0.5648029 0.1339618 0.0764599
18 0.3818322 0.3854647 0.0986633 0.0485936
18 0.3379068 0.7467101 0.1601886 0.1401066
18 0.373428 0.4350821 0.1140771 0.0500284
18 0.3877782 0.3519731 0.0852112 0.035794
18 0.3636169 0.4942504 0.1283573 0.0646697
19 0.3057404 0.3562568 0.0761189 0.0362952
19 0.2073048 0.7487973 0.0898384 0.1429737
19 0.2213535 0.6774245 0.0832456 0.1192564
19 0.2498559 0.5441884 0.0938576 0.0687723
19 0.2340988 0.6049211 0.0882483 0.0957763
19 0.2641189 0.4877359 0.0883371 0.0528627
19 0.2754473 0.4319195 0.0845437 0.0524701
18 0.3998118 0.3234326 0.0773351 0.0341202
18 0.4058146 0.2920173 0.0778377 0.027334
19 0.288461 0.3948969 0.0800563 0.0400191
14 0.7961655 0.642989 0.0440745 0.1324882
14 0.7764123 0.532478 0.0268826 0.102207
14 0.7428339 0.4402472 0.0386597 0.0958646
14 0.6798974 0.3111317 0.0353133 0.0585818
14 0.66156 0.2761307 0.029794 0.0564505
14 0.6415831 0.2420563 0.0183237 0.0478122
14 0.7118689 0.36061 0.0399356 0.0736422
21 0.5580981 0.6574457 0.2178091 0.0800123
20 0.5587816 0.7129371 0.2214826 0.0827764
20 0.5480162 0.6081728 0.2001706 0.0630012
21 0.5591717 0.8888615 0.2551445 0.1396182
22 0.5341226 0.5608319 0.1960357 0.0528189
22 0.5468669 0.8342101 0.2360713 0.1103675
22 0.5265265 0.4773646 0.1776258 0.0385108
22 0.5110589 0.3143878 0.1251617 0.0321747
21 0.5443247 0.7763114 0.2293949 0.0924116
22 0.5089324 0.3011595 0.1202849 0.031035
20 0.5176224 0.4206431 0.1540284 0.0348347
22 0.5098444 0.2797311 0.1121289 0.0223012
20 0.5093174 0.2916327 0.1179361 0.0251904
20 0.5134173 0.3716117 0.1448486 0.0354477
20 0.5070266 0.266569 0.1046221 0.0223947
20 0.5145127 0.3917228 0.1479955 0.0344039
21 0.5126137 0.3333391 0.1332613 0.0326521
21 0.5334291 0.5152296 0.1915424 0.0487629
13 0.6478461 0.3035875 0.0545643 0.0723353
11 0.6197576 0.2545381 0.0540589 0.0492848
11 0.7019748 0.39905 0.062361 0.1084525
11 0.775283 0.6876037 0.051557 0.2061403
11 0.7470227 0.5101 0.05947 0.1338424
16 0.8523678 0.5647627 0.0314101 0.0934828
16 0.7943575 0.3998533 0.0340604 0.0742696
16 0.8282837 0.4778494 0.034666 0.0904666
20 0.5360758 0.4472825 0.1576872 0.0364121
22 0.5117927 0.3517168 0.1378568 0.0352846
11 0.6105276 0.2173081 0.0540589 0.0492848
16 0.7633712 0.3358641 0.0340604 0.0742696
16 0.7366703 0.2881631 0.030764 0.0603083
16 0.7063432 0.2486061 0.030764 0.0603083
