6 0.2367251 0.7337025 0.0457317 0.1244171
6 0.312627 0.3912751 0.0412856 0.0582855
6 0.3897993 0.2248251 0.0254065 0.0190549
3 0.2640371 0.5112088 0.0406504 0.0784613
3 0.4510925 0.2057703 0.0260417 0.0168131
3 0.5835239 0.2197812 0.0241362 0.0201758
9 0.3500251 0.3001196 0.033258 0.0321137
9 0.3920683 0.4972316 0.0633785 0.0852675
9 0.7045683 0.4983389 0.0395331 0.0719791
8 0.3729292 0.2619153 0.0263554 0.0221474
8 0.5207078 0.2508416 0.028238 0.0243622
8 0.5341993 0.2979049 0.0326305 0.029899
4 0.3550452 0.7602321 0.0784388 0.1616761
4 0.7572791 0.6871456 0.0345131 0.0996634
4 0.6226782 0.2990122 0.0326305 0.0343285
10 0.4250126 0.3676692 0.0451807 0.0520464
10 0.4507405 0.241429 0.0288655 0.02104
10 0.6553087 0.382065 0.0363956 0.0454022
7 0.4331702 0.3139617 0.0502008 0.0420801
7 0.5304342 0.3975682 0.064006 0.0675496
7 0.6164031 0.7884701 0.0891064 0.1694277
5 0.5815763 0.5005537 0.0658886 0.0919118
5 0.594754 0.2502879 0.028238 0.0232548
5 0.512864 0.2082078 0.0263554 0.02104
