14 0.8134497 0.6264418 0.0452424 0.1226234
14 0.784245 0.5254792 0.0538827 0.0938083
14 0.7463552 0.4322824 0.0535342 0.0764478
14 0.6990725 0.3125623 0.053557 0.050412
14 0.6701437 0.2728679 0.0439912 0.0366861
14 0.6525884 0.2434242 0.0436481 0.028486
14 0.7229728 0.365629 0.0534649 0.0593512
20 0.6830638 0.5746885 0.1073411 0.0527205
20 0.5893316 0.2613605 0.0723242 0.0243936
20 0.6214643 0.3691796 0.0963617 0.0354283
22 0.5971217 0.3087839 0.0902235 0.0272613
20 0.5656349 0.237838 0.0723242 0.0191664
21 0.6922039 0.6178802 0.1086477 0.063689
22 0.5930898 0.2767062 0.0784918 0.029127
22 0.5725464 0.2495992 0.0762737 0.02178
22 0.7078413 0.6945745 0.1103145 0.1039555
22 0.6333336 0.4006786 0.1030276 0.0362113
21 0.6716385 0.520226 0.1146446 0.0380639
20 0.601159 0.2961242 0.0858275 0.029127
22 0.6613015 0.474759 0.1117769 0.036685
20 0.6061052 0.3369781 0.0913184 0.0147348
20 0.5967576 0.2877097 0.0821596 0.0278324
21 0.715625 0.7949791 0.1330306 0.1539351
22 0.7151162 0.7331457 0.1171323 0.1229655
11 0.2258338 0.3266167 0.0427075 0.076493
11 0.2873501 0.2311597 0.0474661 0.0434676
11 0.2570147 0.2767284 0.0421941 0.058172
13 0.1210425 0.6349577 0.030692 0.1518185
12 0.1838942 0.4074308 0.0473685 0.0869393
16 0.0885095 0.56802 0.0197273 0.0943522
16 0.1413536 0.3972042 0.0340604 0.0742696
16 0.109968 0.4814266 0.034666 0.0904666
21 0.6091519 0.3204112 0.0900762 0.0297452
21 0.6558273 0.4329613 0.1070606 0.0343415
11 0.1504385 0.5030464 0.0386937 0.1132611
16 0.1706036 0.3343918 0.0340604 0.0742696
16 0.1998976 0.2828443 0.030764 0.0603083
16 0.2329621 0.2388697 0.030764 0.0603083
20 0.590936 0.2668055 0.0745458 0.0248292
