19 0.5859181 0.4938635 0.1381823 0.0544691
19 0.5899921 0.5500417 0.133228 0.0631303
18 0.6177091 0.9161837 0.1864123 0.1638154
18 0.6026255 0.7228344 0.1640511 0.1180545
18 0.6116839 0.8188657 0.1762048 0.142005
18 0.7195717 0.5299915 0.0831519 0.0489536
19 0.6935992 0.4787787 0.0889413 0.047973
14 0.7812207 0.7785315 0.0917609 0.1869038
14 0.761628 0.6886767 0.0925223 0.1487209
15 0.2785936 0.7579634 0.136367 0.1761924
16 0.2788907 0.8503802 0.1544694 0.2003205
17 0.2932123 0.6724619 0.1382905 0.1288068
12 0.3316159 0.447022 0.1023343 0.0581969
12 0.2928955 0.5859323 0.1059121 0.1003463
12 0.3179239 0.5123368 0.1016597 0.0709908
11 0.7292311 0.607856 0.1129409 0.1009045
11 0.350432 0.3987081 0.0918897 0.0542664
13 0.3644545 0.3569488 0.0861027 0.0524472
22 0.5823215 0.3395144 0.1040227 0.0170515
22 0.5701781 0.2979808 0.085559 0.0211146
22 0.5823111 0.330506 0.1004308 0.0149732
20 0.5773112 0.310245 0.08755 0.0169538
20 0.5955601 0.3664815 0.1112642 0.0252954
20 0.5900563 0.3480843 0.1066167 0.0171904
20 0.5888877 0.3863408 0.1240069 0.0246368
21 0.5780502 0.3192394 0.0945016 0.0190041
21 0.570138 0.2900301 0.0820266 0.0211517
19 0.593753 0.6242045 0.1565232 0.092049
