6 0.6203633 0.7897462 0.0838415 0.1468346
6 0.3828125 0.2842315 0.0317581 0.0280219
6 0.4555386 0.2472426 0.0298526 0.0190549
5 0.6492632 0.3929564 0.0412856 0.0481976
5 0.3621697 0.3217808 0.0336636 0.0336263
5 0.283092 0.5061648 0.0419207 0.0638899
10 0.7445376 0.7006367 0.0374746 0.0941535
10 0.6248095 0.3301874 0.0317581 0.0302636
10 0.584159 0.2539679 0.0241362 0.0190549
7 0.5657393 0.5762195 0.0787602 0.1188128
7 0.4333079 0.8205703 0.1073425 0.17934
7 0.5396977 0.347561 0.0482724 0.0425933
9 0.2389482 0.6978345 0.0400152 0.0997579
9 0.4498222 0.3167369 0.0349339 0.0347471
9 0.6048018 0.279748 0.0260417 0.0235384
8 0.3421621 0.4069674 0.0355691 0.0425933
8 0.5514482 0.41033 0.0463669 0.053802
8 0.4009146 0.2573305 0.01969 0.0190549
3 0.4253684 0.5313845 0.0673272 0.0919118
3 0.5247713 0.2388361 0.0298526 0.017934
3 0.4615727 0.2674184 0.0304878 0.0235384
4 0.4231453 0.3907147 0.0476372 0.0459559
4 0.6915015 0.5100879 0.0444614 0.0739778
4 0.5358867 0.2679788 0.0304878 0.0201758
