10 0.8081074 0.6633372 0.0232179 0.0675496
10 0.8040286 0.5243622 0.0225904 0.0465096
10 0.7629267 0.4274672 0.0232179 0.038758
3 0.8391692 0.6229181 0.0150602 0.0509391
3 0.6709965 0.4058735 0.0376506 0.0531538
3 0.1777736 0.5243622 0.0213353 0.0465096
4 0.1511044 0.6367603 0.0131777 0.0564759
4 0.2461722 0.7020951 0.0401606 0.1029855
4 0.2624874 0.4075345 0.0263554 0.0409727
5 0.1834212 0.6760719 0.0238454 0.0775159
5 0.3293173 0.3859408 0.0370231 0.0442948
5 0.7682605 0.5149495 0.0276104 0.0586906
9 0.219503 0.4324504 0.0207078 0.0376506
9 0.2910392 0.5121811 0.0382781 0.068657
9 0.624247 0.7624468 0.0709086 0.1350992
7 0.2279744 0.5526001 0.0351406 0.0764086
7 0.4432103 0.4230377 0.062751 0.0697644
7 0.3857932 0.7995438 0.0897339 0.1716425
6 0.393637 0.5321137 0.060241 0.0930191
6 0.561496 0.3936924 0.0495733 0.0575833
6 0.7001757 0.540419 0.0445532 0.0852675
8 0.5872239 0.5359895 0.0596135 0.0830528
8 0.7381401 0.7380847 0.0401606 0.0996634
8 0.7227661 0.4252525 0.028238 0.0431875
